((("_table" .
   [2 0 0 0 0 0])
  ("_db" .
   [1 0 0])
  ("_coll" .
   [4 0 0 0 0])
  ("forked" .
   [1 0 0 0 0 0])
  ("connection" .
   [1 0 0 0 0 0 0 0 0 0])
  ("PhusionPassenger" .
   [1 0 0 0 0 0 0 0 0 0 0 0 0 0 0 0])
  ("defined?" .
   [1 0 0 0 0 0 0 0])
  ("env" .
   [1 0 0])
  ("Rails" .
   [1 0 0 0 0])
  ("MongoMapper" .
   [2 0 0 0 0 0 0 0 0 0 0])
  ("mode-compile-kill" .
   [1 0 0 0 0 0 0 0 0 0 0 0 0 0 0 0 0])
  ("autoload" .
   [1 0 0 0 0 0 0 0])
  ("global-set-key" .
   [2 0 0 0 0 0 0 0 0 0 0 0 0 0])
  ("mode-compile" .
   [2 0 0 0 0 0 0 0 0 0 0 0])
  ("login" .
   [1 0 0 0 0])
  ("flatten" .
   [1 0 0 0 0 0 0])
  ("database" .
   [1 0 0 0 1 0 0 0])
  ("v" .
   [6])
  ("k" .
   [8])
  ("pluralize" .
   [1 0 0 0 0 0 0 0 0])
  ("underscore" .
   [0 0 0 0 0 1 0 0 0 0])
  ("last" .
   [1 0 0 0])
  ("table" .
   [6 0 0 0 0])
  ("child" .
   [3 0 0 0 0])
  ("PASSWORD" .
   [1 0 0 0 0 0 0 0])
  ("DBUSER" .
   [1 0 0 0 0 0])
  ("users" .
   [1 0 0 0 0])
  ("devise_for" .
   [0 0 1 0 0 0 0 0 0 0])
  ("anomymous" .
   [0 0 0 0 0 1 0 0 0])
  ("total_count" .
   [1 0 0 0 0 0 0 0 0 0 0])
  ("parseInt" .
   [3 0 0 0 0 0 0 0])
  ("ARGV" .
   [1 0 0 0])
  ("path" .
   [2 0 0 0])
  ("file" .
   [6 0 0 0])
  ("read" .
   [3 0 0 0])
  ("false" .
   [4 0 0 0 0])
  ("anonymous" .
   [2 0 0 0 0 0 0 0 0])
  ("info" .
   [1 0 0 0])
  ("message" .
   [1 0 0 0 0 0 0])
  ("?" .
   [2])
  ("alert" .
   [1 0 0 0 0])
  ("corner" .
   [1 0 0 0 0 0])
  ("head" .
   [1 0 0 0])
  ("max" .
   [3 0 0])
  ("12" .
   [1 0])
  ("weight" .
   [3 0 0 0 0 0])
  ("Hash" .
   [3 0 0 0])
  ("0" .
   [24])
  ("var" .
   [6 0 0])
  ("np" .
   [6 0])
  ("level" .
   [6 0 0 0 0])
  ("rec" .
   [3 0 0])
  ("each" .
   [3 0 0 0])
  ("2" .
   [13])
  ("3" .
   [12])
  ("9" .
   [1])
  ("1" .
   [31])
  ("select" .
   [1 0 0 0 0 0])
  ("repeat" .
   [2 0 0 0 0 0])
  ("10000" .
   [3 0 0 0 0])
  ("map" .
   [8 0 0])
  ("sample" .
   [2 0 0 0 0 0])
  ("item" .
   [14 0 0 0])
  ("times" .
   [3 0 0 0 0])
  ("100" .
   [7 0 0])
  ("possible" .
   [21 0 0 0 0 0 0 0])
  ("log" .
   [1 0 0])
  ("when" .
   [5 0 0 0])
  ("break" .
   [2 0 0 0 0])
  ("ball" .
   [10 0 0 0])
  ("strike" .
   [14 0 0 0 0 0])
  ("true" .
   [6 0 0 0])
  ("count" .
   [16 0 0 0 0])
  ("ans" .
   [24 0 0])
  ("sel" .
   [39 0 0])
  ("pool" .
   [5 0 0 0])
  ("to_a" .
   [7 0 0 0])
  ("hello" .
   [2 0 0 0 0])
  ("game" .
   [14 0 0 0])
  ("ftn" .
   [2 0 0])
  ("array" .
   [4 0 0 0 0])
  ("then" .
   [6 0 0 0])
  ("packet" .
   [4 0 0 0 0 0])
  ("data" .
   [16 0 0 0])
  ("sum" .
   [3 0 0])
  ("exec-path" .
   [1 0 0 0 0 0 0 0 0])
  ("cons" .
   [1 0 0 0])
  ("load-path" .
   [2 0 0 0 0 0 0 0 0])
  ("to_c" .
   [1 0 0 0])
  ("each_byte" .
   [0 0 0 0 0 0 0 1 0])
  ("s" .
   [9])
  ("split" .
   [3 0 0 0 0])
  ("i" .
   [11])
  ("puts" .
   [101 1 0 0])
  ("to_s" .
   [13 0 0 0])
  ("print" .
   [4 0 0 0 0])
  ("unpack" .
   [2 0 0 0 0 0])
  ("open" .
   [2 0 0 0])
  ("File" .
   [5 0 0 0])
  ("a" .
   [2])
  ("php" .
   [1 0 0])
  ("HTTPClient" .
   [0 0 0 0 0 1 0 0 0 0])
  ("post" .
   [2 0 0 0])
  ("ALLOCATOR" .
   [0 0 1 0 0 0 0 0 0])
  ("Object" .
   [4 0 0 0 0 0])
  ("end" .
   [44 0 0])
  ("omissions" .
   [0 0 0 0 1 0 0 0 0])
  ("unless" .
   [4 0 0 0 0 0])
  ("if" .
   [20 0])
  ("define-key" .
   [0 0 0 0 0 0 0 1 0 0])
  ("add-to-list" .
   [0 0 0 0 1 0 0 0 0 0 0])
  ("provide" .
   [1 0 0 0 0 0 0])
  ("require" .
   [10 0 2 0 1 1 2])
  ("auto-complete-ruby" .
   [1 0 0 0 0 0 0 0 0 0 0 0 0 0 0 0 1 0])
  ("set" .
   [3 0 0])
  ("ri-ruby" .
   [1 0 0 0 0 0 0])
  ("Continuation" .
   [0 0 0 0 0 0 1 0 0 0 0 0])
  ("setq" .
   [6 0 0 0])
  ("thetai" .
   [6 0 0 0 0 0])
  ("thetat" .
   [2 0 0 0 0 0])
  ("Math" .
   [2 0 0 0])
  ("def" .
   [16 0 0])
  ("return" .
   [3 0 0 0 0 0])
  ("cos" .
   [1 0 0])
  ("cosi" .
   [3 0 0 0])
  ("cost" .
   [3 0 0 0])
  ("rm" .
   [4 0])
  ("14" .
   [2 0])
  ("p" .
   [1])
  ("upto" .
   [2 0 0 0])
  ("do" .
   [13 0])
  ("res" .
   [12 0 0])
  ("getenv" .
   [1 0 0 0 0 0])
  ("new" .
   [10 0 0])
  ("cgi" .
   [11 0 0])
  ("url" .
   [19 0 0])
  ("mycache" .
   [13 0 0 0 0 0 0])
  ("delete" .
   [2 0 0 0 0 0])
  ("env_table" .
   [3 0 0 0 0 0 0 0 0])
  ("myvotes" .
   [15 0 0 0 0 0 0])
  ("incr" .
   [5 0 0 0])
  ("else" .
   [6 0 0 0])
  ("MemCache" .
   [1 0 0 0 0 0 0 0])
  ("namespace" .
   [1 0 0 0 0 0 0 0 0])
  ("FCGI" .
   [1 0 0 0])
  ("each_cgi" .
   [1 0 0 0 0 0 0 0])
  ("String" .
   [1 0 0 0 0 0])
  ("length" .
   [1 0 0 0 0 0])
  ("sub" .
   [1 0 0])
  ("begin" .
   [1 0 0 0 0])
  ("get" .
   [1 0 0])
  ("rescue" .
   [1 0 0 0 0 0])
  ("header" .
   [1 0 0 0 0 0])
  ("inject" .
   [1 0 0 0 0 0])
  ("$" .
   [2])
  ("h" .
   [1])
  ("html" .
   [3 0 0 0])
  ("margin" .
   [3 0 0 0 0 0])
  ("1em" .
   [5 0 0])
  ("display" .
   [2 0 0 0 0 0 0])
  ("none" .
   [1 0 0 0])
  ("show" .
   [1 0 0 0])
  ("hide" .
   [1 0 0 0])
  ("padding" .
   [1 0 0 0 0 0 0])
  ("background-color" .
   [1 0 0 0 0 0 0 0 0 0 0 0 0 0 0 0])
  ("container" .
   [2 0 0 0 0 0 0 0 0])
  ("join_box" .
   [0 0 0 0 1 0 0 0])
  ("border" .
   [1 0 0 0 0 0])
  ("solid" .
   [2 0 0 0 0])
  ("2em" .
   [2 0 0])
  ("width" .
   [1 0 0 0 0])
  ("100%" .
   [1 0 0 0])
  ("4em" .
   [1 0 0])
  ("SQLite3" .
   [0 0 0 0 0 1 0])
  ("Database" .
   [0 0 0 1 0 0 0 0])
  ("db_file" .
   [1 0 0 0 0 0 0])
  ("prev" .
   [2 0 0 0])
  ("db" .
   [11 0])
  ("execute" .
   [1 0 0 0 0 0 0])
  ("User" .
   [1 0 0 0])
  ("user" .
   [1 0 0 0])
  ("request" .
   [4 0 0 0 0 0 1])
  ("params" .
   [5 0 0 0 0 0])
  ("Time" .
   [2 0 0 0])
  ("now" .
   [2 0 0])
  ("cache" .
   [4 0 0 0 0])
  ("PEOPLE_PER_PAGE" .
   [0 0 0 1 0 1 0 0 0 0 0 0 0 0 0])
  ("auto" .
   [3 0 0 0])
  ("current_page" .
   [9 0 0 0 0 0 0 0 0 0 0 0])
  ("color" .
   [2 0 0 0 0])
  ("071717" .
   [1 0 0 0 0 0])
  ("font-size" .
   [1 0 0 0 0 0 0 0 0])
  ("font-weight" .
   [1 0 0 0 0 0 0 0 0 0 0])
  ("bold" .
   [1 0 0 0])
  ("h3" .
   [1 0])
  ("left" .
   [1 0 0 0])
  ("center" .
   [1 0 0 0 0 0])
  ("total_page" .
   [4 0 0 0 0 0 0 0 0 0])
  ("10" .
   [9 0])
  ("current" .
   [1 0 0 0 0 0 0])
  ("uri" .
   [2 0 0])
  ("for" .
   [1 0 0])
  ("Core" .
   [5 0 0 0])
  ("process" .
   [1 0 0 0 0 0 0])
  ("ctl" .
   [8 0 0])
  ("action" .
   [9 0 0 0 0 0])
  ("send" .
   [4 0 0 0])
  ("methods" .
   [1 0 0 0 0 0 0])
  ("class" .
   [12 0 0 0 0])
  ("include?" .
   [1 0 1 0 0 0 0 0])
  ("list" .
   [1 0 0 0])
  ("C" .
   [1])
  ("Controller" .
   [3 0 0 0 0 0 0 0 0 0])
  ("Base" .
   [2 0 0 0])
  ("index" .
   [3 0 0 0 0])
  ("class_eval" .
   [1 0 0 0 0 0 0 0 0 0])
  ("to_sym" .
   [6 0 0 0 0 0])
  ("render" .
   [1 0 0 0 0 0])
  ("f" .
   [2])
  ("filename" .
   [1 0 0 0 0 0 0 0])
  ("default" .
   [2 0 0 0 0 0 0])
  ("arg" .
   [1 0 0])
  ("d" .
   [8])
  ("debug" .
   [1 0 0 0 0])
  ("limit" .
   [1 0 0 0 0])
  ("name" .
   [7 0 0 0])
  ("coll" .
   [10 0 0 0])
  ("doc" .
   [2 0 0])
  ("mongo" .
   [1 0 0 0 0])
  ("mongodb" .
   [1 0 0 0 0 0 0])
  ("self" .
   [16 0 0 0])
  ("enc" .
   [4 0 0])
  ("encrypt" .
   [3 0 0 0 0 0 0])
  ("find" .
   [1 0 0 0])
  ("raise" .
   [1 0 0 0 0])
  ("private" .
   [1 0 0 0 0 0 0])
  ("protected" .
   [1 0 0 0 0 0 0 0 0])
  ("encrypt_for" .
   [0 0 0 1 0 0 0 0 0 0 0])
  ("init" .
   [1 0 0 0])
  ("Category" .
   [0 0 0 3 1 0 0 0])
  ("category" .
   [0 0 2 1 1 0 0 0])))
